    0.608147032603725402E-17    0.810859025772266335E+02    0.479889035224914551E+01    0.975051701068878174E+00    0.514218382239341754E+01    0.138191590309143075E+01
    0.909923014625763846E-15    0.708696755773515150E+02    0.323389232158660889E+01    0.878519594669342041E+00    0.915024490952491831E+01    0.202412149906158456E+01
    0.108726615402508814E-14    0.703135521524734202E+02   -0.428426086902618408E+01    0.634513735771179199E+00    0.422938571572303790E+01    0.282520747184753396E+00
    0.534536451388556488E-14    0.669284255339790661E+02    0.401746988296508789E+01    0.430679321289062500E-01    0.944911932945251465E+01    0.656170463562011697E+00
    0.689821281086536071E-14    0.662183602823558743E+02    0.374784290790557861E+01    0.556695997714996338E+00    0.830435311198234594E+01    0.930876469612121560E+00
    0.305390944162368722E-13    0.630428697186902980E+02   -0.200048148632049561E+01    0.378728985786437988E+00    0.662612969279289210E+01    0.340048766136169411E+00
    0.547195065947041241E-13    0.616764444998988921E+02   -0.479413032531738281E+01    0.320076704025268555E+00    0.420383381247520393E+01    0.575453972816467263E+00
    0.176474549816768443E-12    0.591345316680193918E+02    0.230714499950408936E+01    0.561476051807403564E+00    0.608676396012306231E+01    0.176058790683746347E+01
    0.425586405320685960E-12    0.571739490223635656E+02   -0.282585382461547852E+01    0.960091292858123779E+00    0.490285615921020490E+01    0.189169905185699472E+01
    0.408726704535592029E-12    0.570547915553758784E+02    0.445115566253662109E-01    0.812400758266448975E+00    0.194969414472579960E+01    0.576552486419677712E+00
    0.999999999939177986E+00   -0.606723420087361629-313   -0.872291922569274902E+00    0.736469030380249023E-01    0.581900799274444602E+00    0.121854684352874765E+01
    0.774949863746539339E-11    0.511667859330700665E+02   -0.168076634407043457E+01    0.494865179061889648E+00    0.469421591758727974E+01    0.206473574638366708E+01
    0.440777682749146579E-11    0.522953013485415852E+02    0.130320012569427490E+01    0.516744852066040039E-01    0.420769887566566414E+01    0.117745277881622323E+01
    0.156440594742755372E-10    0.497618597145019095E+02   -0.105313658714294434E+01    0.618182420730590820E+00    0.276936016082763681E+01    0.774419522285461404E+00
    0.906124459574135987E-12    0.554591994512865014E+02   -0.321989178657531738E+01    0.526954054832458496E+00    0.784954906105995143E+01    0.126477406024932870E+01
    0.794503662747323662E-12    0.557221175975098575E+02   -0.308337986469268799E+01    0.498789310455322266E+00    0.587303953766822762E+01    0.207213912010192880E+01
    0.826571853745650032E-11    0.510378089019845333E+02    0.182758390903472900E+01    0.148418009281158447E+00    0.516982403993606532E+01    0.114505813121795663E+01
    0.107844520169482398E-11    0.551110014801041075E+02   -0.276319801807403564E+01    0.727640151977539062E+00    0.841119112968444860E+01    0.162434313297271737E+01
    0.165396993379797356E-10    0.496505152086209023E+02   -0.677227973937988281E+00    0.571721553802490234E+00    0.567061703205108625E+01    0.854213333129882790E+00
    0.432744146976599532E-11    0.523320892661500423E+02   -0.240717709064483643E+01    0.366319715976715088E+00    0.777931230664253270E+01    0.132585642337799081E+01
